379409.83, 6674482.37, 173.78, 1
379409.83, 6674482.37, -177.49, 1
379409.83, 6674482.37, -177.04, 1
379409.83, 6674482.37, -174.69, 1
379409.83, 6674482.37, -172.99, 1
379409.83, 6674482.37, 178.68, 1
379409.82, 6674482.37, -173.85, 1
379409.82, 6674482.37, 176.26, 1
379409.82, 6674482.37, -175.28, 1
379409.82, 6674482.37, -177.20, 1
379409.82, 6674482.37, 156.54, 1
379409.82, 6674482.37, 155.09, 1
379409.82, 6674482.37, 156.35, 1
379409.82, 6674482.37, 161.41, 1
379409.82, 6674482.37, 154.03, 1
379409.82, 6674482.37, 158.97, 1
379409.82, 6674482.37, 154.50, 1
379409.81, 6674482.37, 162.71, 1
379409.81, 6674482.37, 153.30, 1
379409.81, 6674482.38, 158.11, 1
379409.81, 6674482.38, 158.86, 1
379409.81, 6674482.38, 156.84, 1
379409.81, 6674482.38, 157.91, 1
379409.81, 6674482.38, 154.44, 1
379409.81, 6674482.38, 160.42, 1
379409.81, 6674482.38, 164.69, 1
379409.81, 6674482.38, 162.03, 1
379409.81, 6674482.38, 162.34, 1
379409.80, 6674482.38, 164.94, 1
379409.80, 6674482.38, 158.93, 1
379409.80, 6674482.38, 159.54, 1
379409.80, 6674482.38, -133.50, 1
379409.80, 6674482.38, -70.44, 1
379409.80, 6674482.38, -41.55, 1
379409.80, 6674482.38, -43.26, 1
379409.81, 6674482.38, -18.97, 1
379409.81, 6674482.38, -25.81, 1
379409.81, 6674482.37, -26.59, 1
379409.81, 6674482.37, -26.33, 1
379409.82, 6674482.37, -27.52, 1
379409.82, 6674482.37, -29.00, 1
379409.83, 6674482.36, -30.09, 1
379409.84, 6674482.36, -28.81, 1
379409.84, 6674482.36, -29.96, 1
379409.85, 6674482.35, -29.47, 1
379409.86, 6674482.35, -30.81, 1
379409.87, 6674482.34, -31.04, 1
379409.87, 6674482.34, -31.48, 1
379409.88, 6674482.33, -31.73, 1
379409.90, 6674482.33, -32.07, 1
379409.91, 6674482.32, -32.70, 1
379409.92, 6674482.31, -32.51, 1
379409.94, 6674482.30, -32.50, 1
379409.96, 6674482.29, -33.10, 1
379409.98, 6674482.27, -33.29, 1
379410.00, 6674482.26, -33.37, 1
379410.02, 6674482.24, -33.43, 1
379410.05, 6674482.23, -33.61, 1
379410.08, 6674482.21, -33.45, 1
379410.11, 6674482.19, -33.32, 1
379410.14, 6674482.16, -34.85, 1
379410.18, 6674482.14, -35.00, 1
379410.21, 6674482.12, -35.04, 1
379410.25, 6674482.09, -35.02, 1
379410.29, 6674482.06, -34.91, 1
379410.33, 6674482.03, -35.07, 1
379410.38, 6674482.00, -35.15, 1
379410.42, 6674481.97, -35.02, 1
379410.47, 6674481.93, -35.04, 1
379410.52, 6674481.90, -34.98, 1
379410.58, 6674481.86, -34.68, 1
379410.63, 6674481.82, -34.77, 1
379410.69, 6674481.78, -34.64, 1
379410.75, 6674481.74, -34.71, 1
379410.81, 6674481.70, -34.58, 1
379410.87, 6674481.65, -34.64, 1
379410.94, 6674481.61, -34.49, 1
379411.01, 6674481.56, -34.27, 1
379411.08, 6674481.51, -34.27, 1
379411.15, 6674481.46, -34.31, 1
379411.23, 6674481.41, -34.43, 1
379411.30, 6674481.36, -34.56, 1
379411.38, 6674481.30, -34.75, 1
379411.46, 6674481.25, -34.78, 1
379411.54, 6674481.19, -34.69, 1
379411.62, 6674481.14, -34.10, 1
379411.71, 6674481.08, -34.42, 1
379411.79, 6674481.02, -34.70, 1
379411.88, 6674480.96, -34.67, 1
379411.97, 6674480.90, -34.59, 1
379412.06, 6674480.84, -34.34, 1
379412.15, 6674480.77, -34.12, 1
379412.25, 6674480.71, -34.00, 1
379412.34, 6674480.65, -33.96, 1
379412.44, 6674480.58, -33.97, 1
379412.54, 6674480.51, -34.05, 1
379412.64, 6674480.44, -34.06, 1
379412.75, 6674480.37, -34.07, 1
379412.86, 6674480.30, -33.92, 1
379412.96, 6674480.23, -33.79, 1
379413.07, 6674480.15, -33.69, 1
379413.19, 6674480.08, -33.62, 1
379413.30, 6674480.00, -33.42, 1
379413.42, 6674479.93, -33.64, 1
379413.53, 6674479.85, -33.83, 1
379413.65, 6674479.77, -34.08, 1
379413.77, 6674479.69, -34.21, 1
379413.90, 6674479.60, -34.30, 1
379414.02, 6674479.52, -34.53, 1
379414.14, 6674479.43, -34.48, 1
379414.27, 6674479.35, -34.04, 1
379414.40, 6674479.26, -33.78, 1
379414.53, 6674479.17, -33.42, 1
379414.66, 6674479.09, -33.40, 1
379414.80, 6674479.00, -33.33, 1
379414.94, 6674478.91, -33.41, 1
379415.07, 6674478.81, -33.41, 1
379415.22, 6674478.72, -33.32, 1
379415.36, 6674478.63, -33.33, 1
379415.50, 6674478.53, -33.44, 1
379415.65, 6674478.43, -33.60, 1
379415.80, 6674478.34, -33.59, 1
379415.95, 6674478.24, -33.60, 1
379416.09, 6674478.14, -33.66, 1
379416.25, 6674478.04, -33.53, 1
379416.40, 6674477.94, -33.48, 1
379416.55, 6674477.84, -33.47, 1
379416.71, 6674477.73, -33.34, 1
379416.87, 6674477.63, -33.30, 1
379417.03, 6674477.52, -33.36, 1
379417.19, 6674477.42, -33.63, 1
379417.35, 6674477.31, -33.65, 1
379417.51, 6674477.20, -33.68, 1
379417.67, 6674477.09, -33.76, 1
379417.84, 6674476.98, -33.75, 1
379418.00, 6674476.87, -33.69, 1
379418.17, 6674476.76, -33.59, 1
379418.34, 6674476.65, -33.63, 1
379418.51, 6674476.54, -33.50, 1
379418.68, 6674476.42, -33.62, 1
379418.85, 6674476.31, -33.53, 1
379419.03, 6674476.19, -33.69, 1
379419.20, 6674476.08, -33.68, 1
379419.38, 6674475.96, -33.65, 1
379419.56, 6674475.84, -33.82, 1
379419.74, 6674475.72, -33.76, 1
379419.91, 6674475.60, -33.81, 1
379420.10, 6674475.48, -33.85, 1
379420.28, 6674475.36, -33.77, 1
379420.46, 6674475.24, -33.86, 1
379420.64, 6674475.11, -33.68, 1
379420.83, 6674474.99, -33.66, 1
379421.02, 6674474.86, -33.60, 1
379421.20, 6674474.74, -33.63, 1
379421.39, 6674474.61, -33.65, 1
379421.58, 6674474.49, -33.72, 1
379421.77, 6674474.36, -33.83, 1
379421.97, 6674474.23, -33.86, 1
379422.16, 6674474.10, -33.91, 1
379422.35, 6674473.97, -33.98, 1
379422.55, 6674473.84, -34.09, 1
379422.74, 6674473.71, -34.09, 1
379422.93, 6674473.58, -34.01, 1
379423.13, 6674473.45, -33.86, 1
379423.33, 6674473.31, -33.75, 1
379423.52, 6674473.18, -33.83, 1
379423.72, 6674473.05, -33.93, 1
379423.92, 6674472.92, -34.08, 1
379424.12, 6674472.78, -34.18, 1
379424.32, 6674472.65, -34.23, 1
379424.52, 6674472.51, -34.12, 1
379424.72, 6674472.37, -34.10, 1
379424.92, 6674472.24, -34.13, 1
379425.12, 6674472.10, -34.23, 1
379425.32, 6674471.96, -34.23, 1
379425.53, 6674471.83, -34.21, 1
379425.73, 6674471.69, -34.23, 1
379425.93, 6674471.55, -34.28, 1
379426.14, 6674471.41, -34.27, 1
379426.34, 6674471.27, -34.22, 1
379426.55, 6674471.13, -34.18, 1
379426.75, 6674470.99, -34.16, 1
379426.96, 6674470.85, -34.19, 1
379427.16, 6674470.71, -34.15, 1
379427.37, 6674470.57, -34.16, 1
379427.58, 6674470.43, -34.22, 1
379427.79, 6674470.29, -34.19, 1
379428.00, 6674470.14, -34.27, 1
379428.21, 6674470.00, -34.20, 1
379428.43, 6674469.85, -34.23, 1
379428.64, 6674469.71, -34.28, 1
379428.86, 6674469.56, -34.34, 1
379429.07, 6674469.42, -34.41, 1
379429.29, 6674469.27, -34.35, 1
379429.50, 6674469.12, -34.31, 1
379429.72, 6674468.97, -34.30, 1
379429.94, 6674468.82, -34.35, 1
379430.16, 6674468.67, -34.31, 1
379430.37, 6674468.53, -34.32, 1
379430.59, 6674468.38, -34.33, 1
379430.81, 6674468.23, -34.30, 1
379431.03, 6674468.08, -34.34, 1
379431.25, 6674467.93, -34.36, 1
379431.47, 6674467.78, -34.45, 1
379431.69, 6674467.62, -34.46, 1
379431.91, 6674467.47, -34.47, 1
379432.14, 6674467.32, -34.44, 1
379432.36, 6674467.17, -34.41, 1
379432.58, 6674467.01, -34.34, 1
379432.80, 6674466.86, -34.30, 1
379433.03, 6674466.71, -34.43, 1
379433.25, 6674466.56, -34.47, 1
379433.48, 6674466.40, -34.50, 1
379433.70, 6674466.25, -34.52, 1
379433.93, 6674466.09, -34.66, 1
379434.15, 6674465.94, -34.55, 1
379434.38, 6674465.78, -34.61, 1
379434.61, 6674465.62, -34.51, 1
379434.83, 6674465.47, -34.52, 1
379435.06, 6674465.31, -34.38, 1
379435.29, 6674465.15, -34.38, 1
379435.52, 6674465.00, -34.41, 1
379435.75, 6674464.84, -34.33, 1
379435.98, 6674464.68, -34.23, 1
379436.21, 6674464.53, -34.23, 1
379436.44, 6674464.37, -34.26, 1
379436.67, 6674464.21, -34.35, 1
379436.90, 6674464.05, -34.31, 1
379437.13, 6674463.90, -34.41, 1
379437.37, 6674463.74, -34.41, 1
379437.60, 6674463.58, -34.33, 1
379437.83, 6674463.42, -34.29, 1
379438.07, 6674463.26, -34.16, 1
379438.30, 6674463.10, -34.15, 1
379438.54, 6674462.94, -34.07, 1
379438.77, 6674462.78, -33.95, 1
379439.01, 6674462.62, -34.02, 1
379439.24, 6674462.46, -33.99, 1
379439.48, 6674462.31, -33.99, 1
379439.71, 6674462.15, -33.94, 1
379439.95, 6674461.99, -33.93, 1
379440.18, 6674461.83, -33.94, 1
379440.42, 6674461.67, -33.82, 1
379440.65, 6674461.52, -33.88, 1
379440.89, 6674461.36, -33.84, 1
379441.12, 6674461.20, -33.85, 1
379441.35, 6674461.04, -33.93, 1
379441.59, 6674460.89, -33.90, 1
379441.82, 6674460.73, -33.93, 1
379442.06, 6674460.57, -33.88, 1
379442.29, 6674460.41, -33.79, 1
379442.53, 6674460.26, -33.69, 1
379442.76, 6674460.10, -33.79, 1
379443.00, 6674459.94, -33.93, 1
379443.23, 6674459.79, -34.09, 1
379443.46, 6674459.63, -34.20, 1
379443.69, 6674459.47, -34.19, 1
379443.93, 6674459.31, -34.20, 1
379444.16, 6674459.16, -33.90, 1
379444.39, 6674459.00, -33.55, 1
379444.62, 6674458.85, -34.02, 1
379444.85, 6674458.69, -33.98, 1
379445.08, 6674458.53, -34.54, 1
379445.31, 6674458.37, -34.61, 1
379445.54, 6674458.22, -34.81, 1
379445.77, 6674458.06, -34.59, 1
379446.00, 6674457.90, -34.47, 1
379446.23, 6674457.74, -34.58, 1
379446.46, 6674457.58, -34.81, 1
379446.68, 6674457.43, -35.34, 1
379446.91, 6674457.27, -35.49, 1
379447.13, 6674457.11, -35.78, 1
379447.35, 6674456.95, -35.66, 1
379447.58, 6674456.79, -35.84, 1
379447.80, 6674456.63, -35.71, 1
379448.02, 6674456.47, -35.46, 1
379448.23, 6674456.32, -35.65, 1
379448.45, 6674456.16, -36.10, 1
379448.67, 6674456.00, -36.64, 1
379448.88, 6674455.84, -36.95, 1
379449.10, 6674455.68, -37.16, 1
379449.31, 6674455.52, -37.15, 1
379449.52, 6674455.36, -37.43, 1
379449.73, 6674455.20, -37.55, 1
379449.93, 6674455.04, -37.59, 1
379450.14, 6674454.88, -37.38, 1
379450.35, 6674454.72, -37.57, 1
379450.55, 6674454.57, -37.63, 1
379450.76, 6674454.41, -37.82, 1
379450.96, 6674454.25, -38.04, 1
379451.16, 6674454.09, -38.26, 1
379451.36, 6674453.93, -38.45, 1
379451.56, 6674453.77, -38.70, 1
379451.76, 6674453.62, -38.89, 1
379451.96, 6674453.46, -39.19, 1
379452.15, 6674453.30, -39.41, 1
379452.35, 6674453.13, -39.69, 1
379452.54, 6674452.97, -39.72, 1
379452.74, 6674452.81, -39.84, 1
379452.94, 6674452.65, -39.97, 1
379453.13, 6674452.48, -40.24, 1
379453.32, 6674452.32, -40.34, 1
379453.52, 6674452.15, -40.64, 1
379453.71, 6674451.99, -40.70, 1
379453.90, 6674451.82, -41.05, 1
379454.10, 6674451.65, -41.35, 1
379454.29, 6674451.49, -41.57, 1
379454.48, 6674451.32, -41.68, 1
379454.67, 6674451.15, -41.64, 1
379454.86, 6674450.98, -41.64, 1
379455.05, 6674450.81, -41.51, 1
379455.24, 6674450.64, -41.68, 1
379455.43, 6674450.47, -41.78, 1
379455.62, 6674450.30, -41.91, 1
379455.81, 6674450.13, -42.06, 1
379456.00, 6674449.95, -42.13, 1
379456.19, 6674449.78, -42.35, 1
379456.38, 6674449.61, -42.37, 1
379456.57, 6674449.44, -42.34, 1
379456.76, 6674449.27, -42.31, 1
379456.95, 6674449.10, -42.18, 1
379457.14, 6674448.92, -42.12, 1
379457.33, 6674448.75, -42.00, 1
379457.52, 6674448.58, -42.04, 1
379457.71, 6674448.41, -42.01, 1
379457.90, 6674448.24, -41.94, 1
379458.09, 6674448.07, -41.90, 1
379458.28, 6674447.89, -41.80, 1
379458.47, 6674447.72, -41.73, 1
379458.66, 6674447.55, -41.61, 1
379458.86, 6674447.38, -41.54, 1
379459.05, 6674447.21, -41.45, 1
379459.24, 6674447.04, -41.37, 1
379459.43, 6674446.87, -41.34, 1
379459.63, 6674446.70, -41.34, 1
379459.82, 6674446.53, -41.44, 1
379460.02, 6674446.36, -41.30, 1
379460.21, 6674446.19, -41.19, 1
379460.40, 6674446.02, -40.85, 1
379460.60, 6674445.85, -40.58, 1
379460.80, 6674445.68, -40.29, 1
379461.00, 6674445.51, -40.07, 1
379461.19, 6674445.35, -39.97, 1
379461.39, 6674445.18, -39.86, 1
379461.59, 6674445.01, -39.74, 1
379461.79, 6674444.85, -39.63, 1
379461.99, 6674444.68, -39.38, 1
379462.19, 6674444.52, -39.02, 1
379462.39, 6674444.36, -38.85, 1
379462.60, 6674444.19, -38.59, 1
379462.80, 6674444.03, -38.24, 1
379463.00, 6674443.87, -38.18, 1
379463.21, 6674443.71, -37.91, 1
379463.41, 6674443.55, -37.75, 1
379463.62, 6674443.39, -37.41, 1
379463.83, 6674443.23, -37.24, 1
379464.03, 6674443.08, -36.70, 1
379464.24, 6674442.92, -36.29, 1
379464.45, 6674442.77, -35.93, 1
379464.66, 6674442.62, -35.61, 1
379464.88, 6674442.46, -35.29, 1
379465.09, 6674442.31, -35.02, 1
379465.30, 6674442.16, -34.61, 1
379465.52, 6674442.02, -34.41, 1
379465.73, 6674441.87, -34.14, 1
379465.95, 6674441.72, -33.92, 1
379466.17, 6674441.58, -33.76, 1
379466.38, 6674441.43, -33.58, 1
379466.60, 6674441.29, -33.02, 1
379466.82, 6674441.14, -32.53, 1
379467.04, 6674441.00, -31.88, 1
379467.27, 6674440.87, -31.23, 1
379467.49, 6674440.73, -30.77, 1
379467.72, 6674440.60, -30.43, 1
379467.94, 6674440.46, -30.20, 1
379468.17, 6674440.33, -30.07, 1
379468.40, 6674440.20, -30.12, 1
379468.62, 6674440.07, -29.98, 1
379468.85, 6674439.94, -29.65, 1
379469.08, 6674439.81, -29.03, 1
379469.31, 6674439.68, -28.46, 1
379469.54, 6674439.56, -27.91, 1
379469.78, 6674439.43, -27.56, 1
379470.01, 6674439.31, -27.16, 1
379470.24, 6674439.19, -26.98, 1
379470.48, 6674439.07, -26.81, 1
379470.71, 6674438.95, -26.79, 1
379470.95, 6674438.84, -26.55, 1
379471.19, 6674438.72, -26.37, 1
379471.42, 6674438.60, -26.00, 1
379471.66, 6674438.49, -25.62, 1
379471.90, 6674438.37, -25.41, 1
379472.14, 6674438.26, -25.10, 1
379472.38, 6674438.15, -24.97, 1
379472.62, 6674438.04, -24.60, 1
379472.86, 6674437.93, -24.59, 1
379473.10, 6674437.82, -24.35, 1
379473.34, 6674437.71, -24.23, 1
379473.58, 6674437.60, -23.82, 1
379473.82, 6674437.49, -23.55, 1
379474.07, 6674437.39, -23.22, 1
379474.31, 6674437.28, -22.93, 1
379474.56, 6674437.18, -22.78, 1
379474.80, 6674437.08, -22.79, 1
379475.05, 6674436.97, -22.74, 1
379475.29, 6674436.87, -22.73, 1
379475.54, 6674436.77, -22.66, 1
379475.78, 6674436.66, -22.61, 1
379476.03, 6674436.56, -22.57, 1
379476.28, 6674436.46, -22.43, 1
379476.52, 6674436.36, -22.54, 1
379476.77, 6674436.26, -22.49, 1
379477.01, 6674436.15, -22.56, 1
379477.26, 6674436.05, -22.57, 1
379477.51, 6674435.95, -22.44, 1
379477.75, 6674435.85, -22.30, 1
379478.00, 6674435.75, -22.15, 1
379478.25, 6674435.65, -22.14, 1
379478.49, 6674435.55, -22.17, 1
379478.74, 6674435.45, -22.17, 1
379478.99, 6674435.34, -22.36, 1
379479.24, 6674435.24, -22.59, 1
379479.48, 6674435.14, -22.68, 1
379479.73, 6674435.04, -22.80, 1
379479.98, 6674434.93, -22.73, 1
379480.22, 6674434.83, -22.93, 1
379480.47, 6674434.72, -23.00, 1
379480.72, 6674434.62, -23.09, 1
379480.96, 6674434.51, -23.20, 1
379481.21, 6674434.41, -23.25, 1
379481.46, 6674434.30, -23.37, 1
379481.70, 6674434.20, -23.42, 1
379481.95, 6674434.09, -23.61, 1
379482.20, 6674433.98, -23.57, 1
379482.44, 6674433.87, -23.88, 1
379482.69, 6674433.77, -23.20, 1
379482.93, 6674433.66, -23.23, 1
379483.17, 6674433.56, -23.31, 1
379483.41, 6674433.46, -23.37, 1
379483.65, 6674433.35, -23.75, 1
379483.90, 6674433.25, -23.68, 1
379484.14, 6674433.14, -24.00, 1
379484.38, 6674433.03, -24.26, 1
379484.62, 6674432.92, -24.49, 1
379484.86, 6674432.81, -24.61, 1
379485.10, 6674432.70, -24.65, 1
379485.34, 6674432.59, -24.92, 1
379485.58, 6674432.48, -25.13, 1
379485.82, 6674432.37, -25.03, 1
379486.06, 6674432.26, -25.37, 1
379486.30, 6674432.14, -25.85, 1
379486.54, 6674432.03, -26.06, 1
379486.78, 6674431.91, -26.19, 1
379487.01, 6674431.80, -25.97, 1
379487.25, 6674431.68, -26.54, 1
379487.49, 6674431.56, -26.64, 1
379487.73, 6674431.44, -27.16, 1
379487.96, 6674431.32, -27.51, 1
379488.19, 6674431.20, -27.95, 1
379488.43, 6674431.07, -28.43, 1
379488.66, 6674430.94, -28.66, 1
379488.90, 6674430.82, -28.80, 1
379489.13, 6674430.69, -29.11, 1
379489.36, 6674430.56, -29.11, 1
379489.60, 6674430.43, -29.53, 1
379489.83, 6674430.30, -30.31, 1
379490.06, 6674430.16, -31.14, 1
379490.29, 6674430.02, -31.43, 1
379490.52, 6674429.88, -31.89, 1
379490.74, 6674429.74, -31.80, 1
379490.97, 6674429.60, -32.48, 1
379491.20, 6674429.46, -32.60, 1
379491.42, 6674429.31, -33.05, 1
379491.64, 6674429.16, -33.51, 1
379491.87, 6674429.02, -34.15, 1
379492.09, 6674428.87, -34.49, 1
379492.31, 6674428.71, -34.61, 1
379492.53, 6674428.56, -34.88, 1
379492.75, 6674428.41, -35.08, 1
379492.97, 6674428.25, -35.70, 1
379493.19, 6674428.10, -36.11, 1
379493.40, 6674427.94, -36.75, 1
379493.62, 6674427.78, -37.09, 1
379493.83, 6674427.61, -37.53, 1
379494.05, 6674427.45, -37.71, 1
379494.26, 6674427.28, -38.73, 1
379494.47, 6674427.11, -39.01, 1
379494.68, 6674426.94, -39.32, 1
379494.89, 6674426.77, -39.57, 1
379495.10, 6674426.60, -39.75, 1
379495.30, 6674426.42, -40.07, 1
379495.51, 6674426.25, -40.33, 1
379495.72, 6674426.07, -40.68, 1
379495.92, 6674425.90, -40.88, 1
379496.13, 6674425.72, -41.25, 1
379496.33, 6674425.54, -41.36, 1
379496.54, 6674425.36, -41.52, 1
379496.74, 6674425.18, -41.55, 1
379496.94, 6674425.00, -41.67, 1
379497.15, 6674424.82, -41.95, 1
379497.35, 6674424.63, -42.12, 1
379497.55, 6674424.45, -42.27, 1
379497.75, 6674424.27, -42.38, 1
379497.96, 6674424.08, -42.20, 1
379498.16, 6674423.90, -42.19, 1
379498.36, 6674423.72, -42.18, 1
379498.56, 6674423.53, -42.19, 1
379498.77, 6674423.35, -42.24, 1
379498.97, 6674423.16, -42.28, 1
379499.17, 6674422.98, -42.18, 1
379499.37, 6674422.80, -42.35, 1
379499.58, 6674422.61, -42.37, 1
379499.78, 6674422.43, -42.44, 1
379499.98, 6674422.24, -42.37, 1
379500.18, 6674422.06, -42.22, 1
379500.39, 6674421.87, -42.13, 1
379500.59, 6674421.69, -42.08, 1
379500.80, 6674421.51, -41.63, 1
379501.00, 6674421.32, -41.42, 1
379501.21, 6674421.14, -40.96, 1
379501.42, 6674420.96, -40.83, 1
379501.62, 6674420.78, -40.59, 1
379501.83, 6674420.60, -40.38, 1
379502.04, 6674420.42, -40.06, 1
379502.25, 6674420.25, -39.95, 1
379502.46, 6674420.07, -39.80, 1
379502.67, 6674419.90, -39.66, 1
379502.89, 6674419.72, -39.50, 1
379503.10, 6674419.54, -39.11, 1
379503.31, 6674419.37, -38.71, 1
379503.53, 6674419.20, -38.28, 1
379503.75, 6674419.03, -37.81, 1
379503.96, 6674418.86, -37.56, 1
379504.18, 6674418.69, -37.28, 1
379504.40, 6674418.52, -37.22, 1
379504.62, 6674418.36, -36.91, 1
379504.85, 6674418.19, -36.79, 1
379505.07, 6674418.03, -36.78, 1
379505.29, 6674417.86, -36.37, 1
379505.51, 6674417.70, -36.24, 1
379505.74, 6674417.53, -35.91, 1
379505.96, 6674417.37, -35.72, 1
379506.19, 6674417.21, -35.44, 1
379506.41, 6674417.05, -35.38, 1
379506.64, 6674416.89, -35.17, 1
379506.87, 6674416.73, -34.97, 1
379507.10, 6674416.57, -34.82, 1
379507.32, 6674416.41, -34.97, 1
379507.55, 6674416.25, -34.91, 1
379507.78, 6674416.09, -34.97, 1
379508.01, 6674415.93, -34.78, 1
379508.24, 6674415.77, -34.82, 1
379508.47, 6674415.61, -34.70, 1
379508.70, 6674415.45, -34.48, 1
379508.93, 6674415.29, -34.29, 1
379509.16, 6674415.14, -34.39, 1
379509.39, 6674414.98, -34.33, 1
379509.62, 6674414.82, -34.32, 1
379509.85, 6674414.66, -34.43, 1
379510.08, 6674414.50, -34.55, 1
379510.32, 6674414.34, -34.45, 1
379510.55, 6674414.19, -34.38, 1
379510.78, 6674414.03, -34.37, 1
379511.01, 6674413.87, -34.46, 1
379511.24, 6674413.71, -34.39, 1
379511.47, 6674413.55, -34.29, 1
379511.70, 6674413.40, -34.24, 1
379511.93, 6674413.24, -34.21, 1
379512.16, 6674413.08, -34.13, 1
379512.40, 6674412.92, -33.98, 1
379512.63, 6674412.77, -34.00, 1
379512.86, 6674412.61, -33.90, 1
379513.10, 6674412.45, -33.84, 1
379513.33, 6674412.30, -33.80, 1
379513.56, 6674412.14, -33.75, 1
379513.80, 6674411.98, -33.72, 1
379514.03, 6674411.82, -33.79, 1
379514.27, 6674411.67, -33.77, 1
379514.50, 6674411.51, -33.85, 1
379514.74, 6674411.35, -33.84, 1
379514.97, 6674411.20, -33.72, 1
379515.21, 6674411.04, -33.59, 1
379515.45, 6674410.88, -33.68, 1
379515.68, 6674410.72, -33.55, 1
379515.92, 6674410.57, -33.56, 1
379516.16, 6674410.41, -34.69, 1
379516.39, 6674410.24, -34.51, 1
379516.63, 6674410.08, -34.67, 1
379516.87, 6674409.92, -34.63, 1
379517.10, 6674409.75, -34.59, 1
379517.34, 6674409.59, -34.64, 1
379517.58, 6674409.43, -34.64, 1
379517.81, 6674409.26, -34.66, 1
379518.05, 6674409.10, -34.70, 1
379518.29, 6674408.93, -34.63, 1
379518.53, 6674408.77, -34.49, 1
379518.76, 6674408.60, -34.63, 1
379519.00, 6674408.44, -34.65, 1
379519.24, 6674408.28, -34.69, 1
379519.48, 6674408.11, -34.68, 1
379519.72, 6674407.95, -34.59, 1
379519.96, 6674407.78, -34.69, 1
379520.20, 6674407.62, -34.69, 1
379520.43, 6674407.45, -34.61, 1
379520.67, 6674407.28, -34.62, 1
379520.91, 6674407.12, -34.60, 1
379521.15, 6674406.95, -34.68, 1
379521.39, 6674406.79, -34.81, 1
379521.63, 6674406.62, -34.62, 1
379521.87, 6674406.46, -34.40, 1
379522.11, 6674406.29, -33.53, 1
379522.36, 6674406.13, -33.72, 1
379522.60, 6674405.97, -33.44, 1
379522.84, 6674405.81, -33.35, 1
379523.09, 6674405.65, -33.18, 1
379523.33, 6674405.49, -33.09, 1
379523.58, 6674405.33, -33.15, 1
379523.82, 6674405.17, -33.57, 1
379524.06, 6674405.01, -33.76, 1
379524.31, 6674404.85, -33.96, 1
379524.55, 6674404.68, -33.95, 1
379524.79, 6674404.52, -33.71, 1
379525.03, 6674404.36, -33.34, 1
379525.28, 6674404.20, -33.34, 1
379525.52, 6674404.04, -33.22, 1
379525.77, 6674403.88, -33.12, 1
379526.01, 6674403.72, -33.29, 1
379526.26, 6674403.56, -33.22, 1
379526.50, 6674403.40, -33.54, 1
379526.74, 6674403.23, -33.45, 1
379526.99, 6674403.07, -33.74, 1
379527.23, 6674402.91, -33.54, 1
379527.47, 6674402.75, -33.99, 1
379527.72, 6674402.59, -33.92, 1
379527.96, 6674402.42, -33.69, 1
379528.20, 6674402.26, -35.73, 1
379528.44, 6674402.08, -35.10, 1
379528.68, 6674401.91, -35.13, 1
379528.92, 6674401.74, -35.86, 1
379529.16, 6674401.57, -35.09, 1
379529.41, 6674401.40, -35.30, 1
379529.65, 6674401.23, -35.91, 1
379529.89, 6674401.06, -35.66, 1
379530.13, 6674400.88, -35.68, 1
379530.37, 6674400.71, -35.34, 1
379530.61, 6674400.54, -35.76, 1
379530.85, 6674400.37, -35.69, 1
379531.08, 6674400.19, -35.71, 1
379531.32, 6674400.02, -35.65, 1
379531.56, 6674399.85, -35.62, 1
379531.80, 6674399.68, -35.96, 1
379532.04, 6674399.51, -35.97, 1
379532.28, 6674399.34, -35.63, 1
379532.52, 6674399.17, -35.64, 1
379532.76, 6674399.00, -35.66, 1
379533.00, 6674398.82, -35.59, 1
379533.23, 6674398.65, -35.58, 1
379533.47, 6674398.48, -35.65, 1
379533.71, 6674398.32, -36.06, 1
379533.94, 6674398.15, -35.63, 1
379534.17, 6674397.98, -34.53, 1
379534.41, 6674397.82, -34.44, 1
379534.64, 6674397.66, -34.38, 1
379534.87, 6674397.50, -34.27, 1
379535.10, 6674397.35, -34.33, 1
379535.33, 6674397.19, -34.38, 1
379535.56, 6674397.03, -34.46, 1
379535.79, 6674396.88, -34.55, 1
379536.01, 6674396.72, -34.42, 1
379536.24, 6674396.57, -34.48, 1
379536.46, 6674396.42, -34.47, 1
379536.68, 6674396.27, -34.32, 1
379536.90, 6674396.12, -34.40, 1
379537.12, 6674395.97, -34.38, 1
379537.33, 6674395.82, -34.50, 1
379537.55, 6674395.67, -34.36, 1
379537.76, 6674395.53, -34.48, 1
379537.97, 6674395.38, -34.54, 1
379538.17, 6674395.24, -34.35, 1
379538.38, 6674395.10, -34.43, 1
379538.58, 6674394.96, -34.48, 1
379538.78, 6674394.83, -34.60, 1
379538.98, 6674394.69, -34.48, 1
379539.18, 6674394.55, -34.46, 1
379539.37, 6674394.42, -34.37, 1
379539.56, 6674394.29, -33.67, 1
379539.75, 6674394.17, -33.62, 1
379539.94, 6674394.04, -33.52, 1
379540.12, 6674393.92, -33.49, 1
379540.30, 6674393.80, -33.50, 1
379540.48, 6674393.68, -33.60, 1
379540.65, 6674393.57, -33.58, 1
379540.82, 6674393.46, -33.51, 1
379540.99, 6674393.35, -33.53, 1
379541.15, 6674393.24, -33.44, 1
379541.31, 6674393.13, -33.34, 1
379541.47, 6674393.03, -33.26, 1
379541.62, 6674392.93, -33.21, 1
379541.77, 6674392.83, -33.31, 1
379541.91, 6674392.74, -33.19, 1
379542.06, 6674392.64, -33.27, 1
379542.20, 6674392.55, -33.30, 1
379542.33, 6674392.46, -33.28, 1
379542.46, 6674392.38, -33.21, 1
379542.59, 6674392.29, -33.01, 1
379542.72, 6674392.21, -32.90, 1
379542.84, 6674392.13, -33.03, 1
379542.96, 6674392.06, -32.94, 1
379543.07, 6674391.98, -32.74, 1
379543.19, 6674391.91, -32.87, 1
379543.29, 6674391.84, -32.25, 1
379543.40, 6674391.77, -32.29, 1
379543.50, 6674391.71, -31.93, 1
379543.60, 6674391.64, -32.43, 1
379543.70, 6674391.58, -32.15, 1
379543.79, 6674391.52, -32.19, 1
379543.88, 6674391.47, -32.21, 1
379543.97, 6674391.41, -31.74, 1
379544.05, 6674391.36, -31.92, 1
379544.14, 6674391.31, -31.73, 1
379544.21, 6674391.26, -31.61, 1
379544.29, 6674391.22, -31.94, 1
379544.36, 6674391.17, -31.17, 1
379544.43, 6674391.13, -31.52, 1
379544.49, 6674391.09, -31.47, 1
379544.55, 6674391.05, -31.73, 1
379544.61, 6674391.02, -31.14, 1
379544.67, 6674390.98, -31.41, 1
379544.72, 6674390.95, -30.11, 1
379544.77, 6674390.92, -30.91, 1
379544.82, 6674390.90, -29.98, 1
379544.86, 6674390.87, -29.78, 1
379544.90, 6674390.85, -29.65, 1
379544.94, 6674390.83, -29.42, 1
379544.97, 6674390.81, -29.18, 1
379545.01, 6674390.79, -31.73, 1
379545.03, 6674390.77, -31.39, 1
379545.06, 6674390.75, -30.89, 1
379545.09, 6674390.74, -30.76, 1
379545.11, 6674390.73, -30.29, 1
379545.13, 6674390.71, -30.11, 1
379545.14, 6674390.70, -30.05, 1
379545.16, 6674390.70, -28.70, 1
379545.17, 6674390.69, -27.42, 1
379545.18, 6674390.69, -23.16, 1
379545.19, 6674390.68, -19.09, 1
379545.19, 6674390.68, -4.51, 1
379545.19, 6674390.68, 62.49, 1
379545.19, 6674390.68, 127.03, 1
379545.19, 6674390.69, 133.92, 1
379545.19, 6674390.69, 135.19, 1
379545.18, 6674390.69, 133.23, 1
379545.18, 6674390.70, 127.85, 1
379545.18, 6674390.70, 121.26, 1
379545.18, 6674390.70, 108.60, 1
379545.17, 6674390.70, 100.11, 1
379545.17, 6674390.71, 109.02, 1
379545.17, 6674390.71, 118.39, 1
379545.17, 6674390.71, 123.43, 1
379545.17, 6674390.71, 121.59, 1
379545.17, 6674390.72, 97.64, 1
379545.17, 6674390.72, 90.72, 1
379545.17, 6674390.73, 88.46, 1
379545.17, 6674390.73, 86.24, 1
379545.17, 6674390.74, 90.69, 1
379545.17, 6674390.74, 94.90, 1
379545.17, 6674390.75, 98.09, 1
379545.17, 6674390.75, 98.74, 1
379545.17, 6674390.75, 96.48, 1
379545.17, 6674390.76, 93.84, 1
379545.17, 6674390.76, 91.65, 1
379545.17, 6674390.77, 91.11, 1
379545.17, 6674390.77, 91.02, 1
379545.17, 6674390.78, 92.92, 1
379545.17, 6674390.78, 93.29, 1
379545.17, 6674390.79, 94.36, 1
379545.16, 6674390.79, 93.78, 1
